timestamp,x,y,z,yaw,yawspeed,vx,vy,vz,acceleration[0],acceleration[1],acceleration[2],jerk[0],jerk[1],jerk[2],thrust[0],thrust[1],thrust[2]
11941000,nan,nan,nan,-0.004093375,0.0,nan,nan,nan,0.0,0.0,100.0,0.0,0.0,0.0,-0.0,-0.0,-0.001
11950000,nan,nan,nan,-0.004096027,0.0,nan,nan,nan,0.0,0.0,100.0,0.0,0.0,0.0,-0.0,-0.0,-0.001
12049000,nan,nan,nan,-0.0041597267,0.0,nan,nan,nan,0.0,0.0,100.0,0.0,0.0,0.0,-0.0,-0.0,-0.001
12141000,nan,nan,nan,-0.004214611,0.0,nan,nan,nan,0.0,0.0,100.0,0.0,0.0,0.0,-0.0,-0.0,-0.001
12253000,nan,nan,nan,-0.004266208,0.0,nan,nan,nan,0.0,0.0,100.0,0.0,0.0,0.0,-0.0,-0.0,-0.001
12351000,nan,nan,nan,-0.0043310146,0.0,nan,nan,nan,0.0,0.0,100.0,0.0,0.0,0.0,-0.0,-0.0,-0.001
12449000,nan,nan,nan,-0.0044173985,0.0,nan,nan,nan,0.0,0.0,100.0,0.0,0.0,0.0,-0.0,-0.0,-0.001
12549000,nan,nan,nan,-0.0044827694,0.0,nan,nan,nan,0.0,0.0,100.0,0.0,0.0,0.0,-0.0,-0.0,-0.001
12649000,nan,nan,nan,-0.004494197,0.0,nan,nan,nan,0.0,0.0,100.0,0.0,0.0,0.0,-0.0,-0.0,-0.001
12741000,nan,nan,nan,-0.004469572,0.0,nan,nan,nan,0.0,0.0,100.0,0.0,0.0,0.0,-0.0,-0.0,-0.001
12857000,nan,nan,nan,-0.0044332617,0.0,nan,nan,nan,0.0,0.0,100.0,0.0,0.0,0.0,-0.0,-0.0,-0.001
12946000,nan,nan,nan,-0.0044143326,0.0,nan,nan,nan,0.0,0.0,100.0,0.0,0.0,0.0,-0.0,-0.0,-0.001
13045000,nan,nan,nan,-0.0043934463,0.0,nan,nan,nan,0.0,0.0,100.0,0.0,0.0,0.0,-0.0,-0.0,-0.001
13149000,nan,nan,nan,-0.0043623415,0.0,nan,nan,nan,0.0,0.0,100.0,0.0,0.0,0.0,-0.0,-0.0,-0.001
13254000,nan,nan,nan,-0.004323183,0.0,nan,nan,nan,0.0,0.0,100.0,0.0,0.0,0.0,-0.0,-0.0,-0.001
13338000,nan,nan,nan,-0.0042937445,0.0,nan,nan,nan,0.0,0.0,100.0,0.0,0.0,0.0,-0.0,-0.0,-0.001
13446000,nan,nan,nan,-0.0042607333,0.0,nan,nan,nan,0.0,0.0,100.0,0.0,0.0,0.0,-0.0,-0.0,-0.001
13553000,nan,nan,nan,-0.0042352937,0.0,nan,nan,nan,0.0,0.0,100.0,0.0,0.0,0.0,-0.0,-0.0,-0.001
13649000,nan,nan,nan,-0.004209666,0.0,nan,nan,nan,0.0,0.0,100.0,0.0,0.0,0.0,-0.0,-0.0,-0.001
13749000,nan,nan,nan,-0.004169327,0.0,nan,nan,nan,0.0,0.0,100.0,0.0,0.0,0.0,-0.0,-0.0,-0.001
13840000,nan,nan,nan,-0.0041029956,0.0,nan,nan,nan,0.0,0.0,100.0,0.0,0.0,0.0,-0.0,-0.0,-0.001
13946000,nan,nan,nan,-0.004017627,0.0,nan,nan,nan,0.0,0.0,100.0,0.0,0.0,0.0,-0.0,-0.0,-0.001
14053000,nan,nan,nan,-0.003946753,0.0,nan,nan,nan,0.0,0.0,100.0,0.0,0.0,0.0,-0.0,-0.0,-0.001
14153000,nan,nan,nan,-0.003919212,0.0,nan,nan,nan,0.0,0.0,100.0,0.0,0.0,0.0,-0.0,-0.0,-0.001
14241000,nan,nan,nan,-0.0039341226,0.0,nan,nan,nan,0.0,0.0,100.0,0.0,0.0,0.0,-0.0,-0.0,-0.001
14345000,nan,nan,nan,-0.004014971,0.0,nan,nan,nan,0.0,0.0,100.0,0.0,0.0,0.0,-0.0,-0.0,-0.001
14453000,nan,nan,nan,-0.004121245,0.0,nan,nan,nan,0.0,0.0,100.0,0.0,0.0,0.0,-0.0,-0.0,-0.001
14549000,nan,nan,nan,-0.00419263,0.0,nan,nan,nan,0.0,0.0,100.0,0.0,0.0,0.0,-0.0,-0.0,-0.001
14649000,nan,nan,nan,-0.0042324746,0.0,nan,nan,nan,0.0,0.0,100.0,0.0,0.0,0.0,-0.0,-0.0,-0.001
14746000,nan,nan,nan,-0.0042446456,0.0,nan,nan,nan,0.0,0.0,100.0,0.0,0.0,0.0,-0.0,-0.0,-0.001
14854000,nan,nan,nan,-0.004252158,0.0,nan,nan,nan,0.0,0.0,100.0,0.0,0.0,0.0,-0.0,-0.0,-0.001
14946000,nan,nan,nan,-0.0042785536,0.0,nan,nan,nan,0.0,0.0,100.0,0.0,0.0,0.0,-0.0,-0.0,-0.001
15049000,nan,nan,nan,-0.0043402207,0.0,nan,nan,nan,0.0,0.0,100.0,0.0,0.0,0.0,-0.0,-0.0,-0.001
15153000,nan,nan,nan,-0.0044199256,0.0,nan,nan,nan,0.0,0.0,100.0,0.0,0.0,0.0,-0.0,-0.0,-0.001
15248000,nan,nan,nan,-0.004479074,0.0,nan,nan,nan,0.0,0.0,100.0,0.0,0.0,0.0,-0.0,-0.0,-0.001
15342000,nan,nan,nan,-0.0045434297,0.0,nan,nan,nan,0.0,0.0,100.0,0.0,0.0,0.0,-0.0,-0.0,-0.001
15449000,nan,nan,nan,-0.0046369503,0.0,nan,nan,nan,0.0,0.0,100.0,0.0,0.0,0.0,-0.0,-0.0,-0.001
15549000,nan,nan,nan,-0.004740818,0.0,nan,nan,nan,0.0,0.0,100.0,0.0,0.0,0.0,-0.0,-0.0,-0.001
15646000,nan,nan,nan,-0.004834714,0.0,nan,nan,nan,0.0,0.0,100.0,0.0,0.0,0.0,-0.0,-0.0,-0.001
15742000,nan,nan,nan,-0.0049249334,0.0,nan,nan,nan,0.0,0.0,100.0,0.0,0.0,0.0,-0.0,-0.0,-0.001
15853000,nan,nan,nan,-0.005042192,0.0,nan,nan,nan,0.0,0.0,100.0,0.0,0.0,0.0,-0.0,-0.0,-0.001
15946000,nan,nan,nan,-0.0051170164,0.0,nan,nan,nan,0.0,0.0,100.0,0.0,0.0,0.0,-0.0,-0.0,-0.001
16049000,nan,nan,nan,-0.005163989,0.0,nan,nan,nan,0.0,0.0,100.0,0.0,0.0,0.0,-0.0,-0.0,-0.001
16149000,nan,nan,nan,-0.005180506,0.0,nan,nan,nan,0.0,0.0,100.0,0.0,0.0,0.0,-0.0,-0.0,-0.001
16246000,nan,nan,nan,-0.0051655327,0.0,nan,nan,nan,0.0,0.0,100.0,0.0,0.0,0.0,-0.0,-0.0,-0.001
16344000,nan,nan,nan,-0.005140712,0.0,nan,nan,nan,0.0,0.0,100.0,0.0,0.0,0.0,-0.0,-0.0,-0.001
16448000,nan,nan,nan,-0.00510665,0.0,nan,nan,nan,0.0,0.0,100.0,0.0,0.0,0.0,-0.0,-0.0,-0.001
16548000,nan,nan,nan,-0.005088378,0.0,nan,nan,nan,0.0,0.0,100.0,0.0,0.0,0.0,-0.0,-0.0,-0.001
16650000,nan,nan,nan,-0.0050848736,0.0,nan,nan,nan,0.0,0.0,100.0,0.0,0.0,0.0,-0.0,-0.0,-0.001
16749000,nan,nan,nan,-0.005102424,0.0,nan,nan,nan,0.0,0.0,100.0,0.0,0.0,0.0,-0.0,-0.0,-0.001
16846000,nan,nan,nan,-0.005132933,0.0,nan,nan,nan,0.0,0.0,100.0,0.0,0.0,0.0,-0.0,-0.0,-0.001
16954000,nan,nan,nan,-0.0051758387,0.0,nan,nan,nan,0.0,0.0,100.0,0.0,0.0,0.0,-0.0,-0.0,-0.001
17050000,nan,nan,nan,-0.00520534,0.0,nan,nan,nan,0.0,0.0,100.0,0.0,0.0,0.0,-0.0,-0.0,-0.001
17149000,nan,nan,nan,-0.0052361507,0.0,nan,nan,nan,0.0,0.0,100.0,0.0,0.0,0.0,-0.0,-0.0,-0.001
17246000,nan,nan,nan,-0.005271488,0.0,nan,nan,nan,0.0,0.0,100.0,0.0,0.0,0.0,-0.0,-0.0,-0.001
17346000,nan,nan,nan,-0.0053062346,0.0,nan,nan,nan,0.0,0.0,100.0,0.0,0.0,0.0,-0.0,-0.0,-0.001
17453000,nan,nan,nan,-0.005319605,0.0,nan,nan,nan,0.0,0.0,100.0,0.0,0.0,0.0,-0.0,-0.0,-0.001
17553000,nan,nan,nan,-0.005308448,0.0,nan,nan,nan,0.0,0.0,100.0,0.0,0.0,0.0,-0.0,-0.0,-0.001
17654000,nan,nan,nan,-0.0052753855,0.0,nan,nan,nan,0.0,0.0,100.0,0.0,0.0,0.0,-0.0,-0.0,-0.001
17746000,nan,nan,nan,-0.00523147,0.0,nan,nan,nan,0.0,0.0,100.0,0.0,0.0,0.0,-0.0,-0.0,-0.001
17850000,nan,nan,nan,-0.0051885773,0.0,nan,nan,nan,0.0,0.0,100.0,0.0,0.0,0.0,-0.0,-0.0,-0.001
17946000,nan,nan,nan,-0.005154867,0.0,nan,nan,nan,0.0,0.0,100.0,0.0,0.0,0.0,-0.0,-0.0,-0.001
18046000,nan,nan,nan,-0.005134875,0.0,nan,nan,nan,0.0,0.0,100.0,0.0,0.0,0.0,-0.0,-0.0,-0.001
18142000,nan,nan,nan,-0.005130235,0.0,nan,nan,nan,0.0,0.0,100.0,0.0,0.0,0.0,-0.0,-0.0,-0.001
18253000,nan,nan,nan,-0.005136603,0.0,nan,nan,nan,0.0,0.0,100.0,0.0,0.0,0.0,-0.0,-0.0,-0.001
18338000,nan,nan,nan,-0.005146235,0.0,nan,nan,nan,0.0,0.0,100.0,0.0,0.0,0.0,-0.0,-0.0,-0.001
18457000,nan,nan,nan,-0.005161903,0.0,nan,nan,nan,0.0,0.0,100.0,0.0,0.0,0.0,-0.0,-0.0,-0.001
18546000,-0.07638135,-0.019142544,-1.0,0.0,0.0,0.0027459443,-0.000121494755,2.4080493,0.112380125,0.0059107495,9.686911,0.0,0.0,0.0,8.397086e-05,4.416535e-06,-0.0073260665
18642000,-0.07638135,-0.019142544,-1.0,0.0,0.0,0.0019602734,-0.0032860579,2.233596,0.105077654,-0.0100644985,9.421604,0.0,0.0,0.0,0.00025231534,-2.4167148e-05,-0.023558259
18749000,-0.07638135,-0.019142544,-1.0,0.0,0.0,0.0015219721,-0.008550962,2.0391533,0.10177516,-0.031736538,9.090408,0.0,0.0,0.0,0.00045495678,-0.00014186912,-0.04382181
18849000,-0.07638135,-0.019142544,-1.0,0.0,0.0,0.0005882427,-0.01170269,1.8574313,0.08986798,-0.03593523,8.727833,0.0,0.0,0.0,0.00060522556,-0.00024200967,-0.06600529
18946000,-0.07638135,-0.019142544,-1.0,0.0,0.0,-0.003617111,-0.012837887,1.6811609,0.064408235,-0.031968653,8.305857,0.0,0.0,0.0,0.0006037586,-0.00029967207,-0.09182304
19041000,-0.07638135,-0.019142544,-1.0,0.0,0.0,-0.0107684415,-0.011856653,1.5085249,0.030687341,-0.021603309,8.025569,0.0,0.0,0.0,0.00034120723,-0.0002402034,-0.108971864
19145000,-0.07638135,-0.019142544,-1.0,0.0,0.0,-0.020230504,-0.009368073,1.319534,-0.008279802,-0.00779404,7.4437356,0.0,0.0,0.0,-0.00012054444,-0.0001134723,-0.14457014
19256000,-0.07638135,-0.019142544,-1.0,0.0,0.0,-0.027680742,-0.0073813708,1.1178224,-0.025846109,-0.0034312543,6.96404,0.0,0.0,0.0,-0.0004572318,-6.0700768e-05,-0.17391938
19341000,-0.07638135,-0.019142544,-1.0,0.0,0.0,-0.03168856,-0.0070252847,0.9633591,-0.032493934,-0.0053647775,6.6011233,0.0,0.0,0.0,-0.00065119186,-0.000107512366,-0.19612369
19442000,-0.07638135,-0.019142544,-1.0,0.0,0.0,-0.03517146,-0.007837182,0.7798203,-0.044494648,-0.013511013,5.8280597,0.0,0.0,0.0,-0.0011026689,-0.00033483075,-0.243422
19549000,-0.07638135,-0.019142544,-1.0,0.0,0.0,-0.03914313,-0.009825196,0.58537793,-0.061483815,-0.025509566,5.4533315,0.0,0.0,0.0,-0.00166885,-0.00069240393,-0.266349
19645000,-0.07638135,-0.019142544,-1.0,0.0,0.0,-0.04407307,-0.010857508,0.41092467,-0.08674344,-0.022572735,4.65178,0.0,0.0,0.0,-0.0027882904,-0.00072558044,-0.3153903
19742000,-0.07638135,-0.019142544,-1.0,0.0,0.0,-0.05035321,-0.010106787,0.23465443,-0.11988394,-0.007836891,4.3601418,0.0,0.0,0.0,-0.0040739453,-0.0002663165,-0.3332336
19849000,-0.07638135,-0.019142544,-1.0,0.0,0.0,-0.056804754,-0.0072020767,0.040211916,-0.1349289,0.017765202,3.1865757,0.0,0.0,0.0,-0.005572295,0.0007336674,-0.40503585
19942000,-0.07638135,-0.019142544,-1.0,0.0,0.0,-0.060810238,-0.0028224455,-0.12878942,-0.13665162,0.04567747,2.629639,0.0,0.0,0.0,-0.0061196103,0.002045554,-0.4391109
20044000,-0.07638135,-0.019142544,-1.0,0.0,0.0,-0.06470269,0.0016635899,-0.31414557,-0.15122114,0.0539387,1.9577289,0.0,0.0,0.0,-0.0074051167,0.0026413132,-0.48022035
20149000,-0.07638135,-0.019142544,-1.0,0.0,0.0,-0.06966845,0.0030921972,-0.5049536,-0.14953916,0.033942528,0.9687891,0.0,0.0,0.0,-0.008246061,0.0018716982,-0.5407266
20245000,-0.07638135,-0.019142544,-1.0,0.0,0.0,-0.072200775,0.0015659729,-0.67940664,-0.13556229,0.005076347,0.7872319,0.0,0.0,0.0,-0.0076283137,0.00028565445,-0.5518348
20340000,-0.07638135,-0.019142544,-1.0,0.0,0.0,-0.070249386,-0.0027137427,-0.85204244,-0.06428842,-0.03174208,0.276361,0.0,0.0,0.0,-0.0038251735,-0.0018886599,-0.58309144
20449000,-0.07638135,-0.019142544,-1.0,0.0,0.0,-0.061712284,-0.010956967,-0.97563726,0.013489291,-0.07457478,0.4499886,0.0,0.0,0.0,0.00078669674,-0.0043492084,-0.5724684
20554000,-0.07638135,-0.019142544,-1.0,0.0,0.0,-0.048985925,-0.020674137,-0.91176,0.06777449,-0.105946906,1.223788,0.0,0.0,0.0,0.0036297173,-0.0056740725,-0.525125
20645000,-0.07638135,-0.019142544,-1.0,0.0,0.0,-0.0358036,-0.02992693,-0.8467821,0.10195637,-0.12707075,1.4186487,0.0,0.0,0.0,0.0053347945,-0.0066488874,-0.5132029
20748000,-0.07638135,-0.019142544,-1.0,0.0,0.0,-0.020709805,-0.039821155,-0.7774266,0.13098736,-0.14348125,1.4159122,0.0,0.0,0.0,0.006856711,-0.007510721,-0.51337034
20852000,-0.07638135,-0.019142544,-1.0,0.0,0.0,-0.0068016676,-0.04903672,-0.71823364,0.14130272,-0.15369165,1.350559,0.0,0.0,0.0,0.0074540107,-0.008107551,-0.5173688
20946000,-0.07638135,-0.019142544,-1.0,0.0,0.0,0.002400974,-0.055087782,-0.67669225,0.13273795,-0.15043835,1.2783399,0.0,0.0,0.0,0.0070638047,-0.008005752,-0.5217874
21046000,-0.07638135,-0.019142544,-1.0,0.0,0.0,0.008699817,-0.058855407,-0.64104307,0.11190465,-0.13324806,1.2220448,0.0,0.0,0.0,0.0059941574,-0.0071374145,-0.5252317
21146000,-0.07638135,-0.019142544,-1.0,0.0,0.0,0.010479105,-0.05834821,-0.6131332,0.07825895,-0.10033946,1.1728257,0.0,0.0,0.0,0.004213638,-0.005402502,-0.52824306
21237000,-0.07638135,-0.019142544,-1.0,0.0,0.0,0.010088424,-0.053867016,-0.5905826,0.057781506,-0.059850566,1.1560497,0.0,0.0,0.0,0.0031168305,-0.003228439,-0.52926946
21345000,-0.07638135,-0.019142544,-1.0,0.0,0.0,0.006793259,-0.041412625,-0.5674811,0.027249215,0.009186093,1.1352993,0.0,0.0,0.0,0.001462613,0.0004930673,-0.53053904
21449000,-0.07638135,-0.019142544,-1.0,0.0,0.0,0.0015298147,-0.024724437,-0.54442966,0.0003876537,0.06395089,1.1448026,0.0,0.0,0.0,2.0956879e-05,0.003457237,-0.5299576
21545000,-0.07638135,-0.019142544,-1.0,0.0,0.0,-0.0036922584,-0.009239041,-0.5206014,-0.016870001,0.09385221,1.1677667,0.0,0.0,0.0,-0.0009092028,0.005058131,-0.5285526
21653000,-0.07638135,-0.019142544,-1.0,0.0,0.0,-0.009690468,0.007389792,-0.49214196,-0.034871865,0.11913753,1.1858209,0.0,0.0,0.0,-0.0018762843,0.006410207,-0.527448
21746000,-0.07638135,-0.019142544,-1.0,0.0,0.0,-0.014964289,0.020376785,-0.46748388,-0.04806896,0.1309352,1.1933984,0.0,0.0,0.0,-0.0025833282,0.007036736,-0.52698433
21854000,-0.07638135,-0.019142544,-1.0,0.0,0.0,-0.021835871,0.03431888,-0.4376459,-0.06525363,0.14126612,1.2084138,0.0,0.0,0.0,-0.003500685,0.0075785546,-0.5260657
21944000,-0.07638135,-0.019142544,-1.0,0.0,0.0,-0.026877446,0.044580776,-0.41203249,-0.07008217,0.14680247,1.2207079,0.0,0.0,0.0,-0.0037534833,0.007862493,-0.5253135
22046000,-0.07638135,-0.019142544,-1.0,0.0,0.0,-0.029592955,0.05531476,-0.38284272,-0.057318214,0.1538014,1.2291864,0.0,0.0,0.0,-0.003067069,0.008229837,-0.52479476
22150000,-0.07638135,-0.019142544,-1.0,0.0,0.0,-0.027977336,0.066318296,-0.35457313,-0.032072365,0.16589911,1.2268836,0.0,0.0,0.0,-0.0017168337,0.008880579,-0.5249356
22252000,-0.07638135,-0.019142544,-1.0,0.0,0.0,-0.025290731,0.07606391,-0.33284283,-0.020748708,0.17188515,1.1974373,0.0,0.0,0.0,-0.0011144588,0.00923233,-0.5267373
22345000,-0.07638135,-0.019142544,-1.0,0.0,0.0,-0.022776868,0.08434535,-0.31723607,-0.013607968,0.17327334,1.1699486,0.0,0.0,0.0,-0.000733194,0.009335926,-0.5284191
22445000,-0.07638135,-0.019142544,-1.0,0.0,0.0,-0.019309133,0.09055144,-0.30104256,-0.0024770387,0.16118574,1.1639946,0.0,0.0,0.0,-0.00013352599,0.008688796,-0.5287834
22550000,-0.07638135,-0.019142544,-1.0,0.0,0.0,-0.01486623,0.09193719,-0.28338623,0.009975845,0.13140246,1.172029,0.0,0.0,0.0,0.00053730333,0.007077393,-0.5282918
22653000,-0.07638135,-0.019142544,-1.0,0.0,0.0,-0.010039656,0.088938236,-0.26837325,0.019289495,0.09509285,1.1647407,0.0,0.0,0.0,0.0010392859,0.005123445,-0.5287377
22752000,-0.07638135,-0.019142544,-1.0,0.0,0.0,-0.0056049814,0.082097486,-0.25789136,0.026269078,0.056930702,1.1427691,0.0,0.0,0.0,0.0014180834,0.0030732895,-0.530082
22849000,-0.07638135,-0.019142544,-1.0,0.0,0.0,-0.0008295193,0.07299526,-0.25041187,0.03427219,0.023756118,1.1240833,0.0,0.0,0.0,0.0018584828,0.0012882265,-0.53122526
22945000,-0.07638135,-0.019142544,-1.0,0.0,0.0,0.0044011325,0.06282795,-0.24438846,0.043785166,-0.0043547284,1.1127707,0.0,0.0,0.0,0.0023757927,-0.00023628853,-0.5319174
23049000,-0.07638135,-0.019142544,-1.0,0.0,0.0,0.010369544,0.052959066,-0.23565894,0.053354636,-0.019388307,1.1243283,0.0,0.0,0.0,0.0028896648,-0.0010500626,-0.5312103
23148000,-0.07638135,-0.019142544,-1.0,0.0,0.0,0.016478432,0.045041215,-0.22546476,0.06285728,-0.025538022,1.140775,0.0,0.0,0.0,0.0033962713,-0.001379857,-0.530204
23249000,-0.07638135,-0.019142544,-1.0,0.0,0.0,0.023051528,0.036899325,-0.22014308,0.07215746,-0.03621056,1.1181235,0.0,0.0,0.0,0.003909707,-0.0019619965,-0.5315899
23344000,-0.07638135,-0.019142544,-1.0,0.0,0.0,0.02916623,0.028925255,-0.21998441,0.080708,-0.047690336,1.0836525,0.0,0.0,0.0,0.004390849,-0.0025945513,-0.5336989
23453000,-0.07638135,-0.019142544,-1.0,0.0,0.0,0.037570957,0.021881094,-0.22078687,0.09433101,-0.04663602,1.0715737,0.0,0.0,0.0,0.0051413416,-0.002541812,-0.53443795
23545000,-0.07638135,-0.019142544,-1.0,0.0,0.0,0.043682717,0.017948762,-0.21717393,0.0985805,-0.040059358,1.0943987,0.0,0.0,0.0,0.0053568147,-0.0021768052,-0.5330415
23641000,nan,nan,nan,0.00046306045,0.0,0.0,0.0,0.0,0.009525119,-0.06374943,1.9571497,0.0,0.0,0.0,0.00046621755,-0.0031202869,-0.48025578
23742000,nan,nan,nan,0.0004601394,0.0,0.0,0.0,0.0,0.0003625732,-0.06060846,1.591872,0.0,0.0,0.0,1.8570232e-05,-0.0031042374,-0.50260454
23846000,nan,nan,nan,0.00044891855,0.0,0.0,0.0,0.0,0.006536234,-0.055777993,1.1589972,0.0,0.0,0.0,0.00035129642,-0.0029978435,-0.52908915
23949000,-0.13351795,-0.023161078,-0.77311194,0.0,0.0,0.0029221452,-0.007577304,-0.018377483,0.01868033,-0.06535508,1.0116906,0.0,0.0,0.0,0.0010250193,-0.0035861365,-0.5381018
24046000,-0.13351795,-0.023161078,-0.77311194,0.0,0.0,0.004897134,-0.012413813,-0.032960594,0.02356461,-0.06294603,1.0067492,0.0,0.0,0.0,0.0012936915,-0.0034557213,-0.5384041
24138000,-0.13351795,-0.023161078,-0.77311194,0.0,0.0,0.006025347,-0.014733822,-0.045354724,0.024022635,-0.05180972,1.0188718,0.0,0.0,0.0,0.0013136705,-0.0028331992,-0.53766245
24244000,-0.13351795,-0.023161078,-0.77311194,0.0,0.0,0.0047920956,-0.014726564,-0.059278965,0.01201446,-0.033614084,1.022715,0.0,0.0,0.0,0.0006550123,-0.0018325952,-0.5374273
24344000,-0.13351795,-0.023161078,-0.77311194,0.0,0.0,0.0010320224,-0.012288065,-0.07312864,-0.0060584354,-0.013748081,1.0175952,0.0,0.0,0.0,-0.00033482982,-0.00075981126,-0.5377405
24452000,-0.13351795,-0.023161078,-0.77311194,0.0,0.0,-0.0044888295,-0.011387282,-0.08212185,-0.02297454,-0.011588074,1.0444273,0.0,0.0,0.0,-0.001247726,-0.00062933756,-0.53609884
24548000,-0.13351795,-0.023161078,-0.77311194,0.0,0.0,-0.010435872,-0.012654194,-0.08582097,-0.037748434,-0.01959316,1.0719576,0.0,0.0,0.0,-0.002058563,-0.0010684881,-0.53441447
24641000,-0.13351795,-0.023161078,-0.77311194,0.0,0.0,-0.015265248,-0.014291994,-0.084266424,-0.043281823,-0.023819808,1.1073058,0.0,0.0,0.0,-0.0023497113,-0.001293145,-0.5322518
24748000,-0.13351795,-0.023161078,-0.77311194,0.0,0.0,-0.020911345,-0.016747579,-0.07766837,-0.05011167,-0.027837152,1.1446009,0.0,0.0,0.0,-0.0027098935,-0.0015053522,-0.52996993
24849000,-0.13351795,-0.023161078,-0.77311194,0.0,0.0,-0.026614655,-0.020153623,-0.073435545,-0.05878652,-0.035723176,1.1390473,0.0,0.0,0.0,-0.0031799697,-0.0019323922,-0.53030974
24952000,-0.13351795,-0.023161078,-0.77311194,0.0,0.0,-0.032813676,-0.024346907,-0.072987914,-0.06885944,-0.04513431,1.112905,0.0,0.0,0.0,-0.003737268,-0.0024496133,-0.53190917
25042000,-0.13351795,-0.023161078,-0.77311194,0.0,0.0,-0.037229702,-0.028321095,-0.07432705,-0.07072181,-0.053037263,1.0967376,0.0,0.0,0.0,-0.003844208,-0.0028829335,-0.53289837
25148000,-0.13351795,-0.023161078,-0.77311194,0.0,0.0,-0.041777484,-0.033752624,-0.07783145,-0.07067258,-0.06284662,1.0837568,0.0,0.0,0.0,-0.0038457953,-0.0034199294,-0.53369254
25245000,-0.13351795,-0.023161078,-0.77311194,0.0,0.0,-0.04366775,-0.03756138,-0.084162235,-0.061637506,-0.0638756,1.0620955,0.0,0.0,0.0,-0.0033621488,-0.0034842303,-0.53501785
25354000,-0.13351795,-0.023161078,-0.77311194,0.0,0.0,-0.04319168,-0.039548714,-0.09295744,-0.04551844,-0.055365056,1.0447137,0.0,0.0,0.0,-0.0024880366,-0.0030262521,-0.5360813
25448000,-0.13351795,-0.023161078,-0.77311194,0.0,0.0,-0.041677646,-0.039338615,-0.101355135,-0.033359185,-0.042816143,1.0400364,0.0,0.0,0.0,-0.0018211148,-0.0023373805,-0.53636754
25542000,-0.13351795,-0.023161078,-0.77311194,0.0,0.0,-0.039431285,-0.03727764,-0.10607201,-0.02279872,-0.027351692,1.058405,0.0,0.0,0.0,-0.001241005,-0.0014888375,-0.53524363
25653000,-0.13351795,-0.023161078,-0.77311194,0.0,0.0,-0.03634978,-0.03203066,-0.10508132,-0.013597544,-0.0042644218,1.099708,0.0,0.0,0.0,-0.00076499215,-0.00023991457,-0.53271663
25741000,-0.13351795,-0.023161078,-0.77311194,0.0,0.0,-0.033956137,-0.025969556,-0.09791082,-0.008587721,0.01654864,1.1432924,0.0,0.0,0.0,-0.0004693398,0.0009044233,-0.53005
25849000,-0.13351795,-0.023161078,-0.77311194,0.0,0.0,-0.031359546,-0.018272191,-0.08695537,-0.0052389447,0.033142105,1.1697475,0.0,0.0,0.0,-0.00028200904,0.0017840182,-0.5284314
25950000,-0.13351795,-0.023161078,-0.77311194,0.0,0.0,-0.029505609,-0.010968456,-0.076393306,-0.005466304,0.04605039,1.1751277,0.0,0.0,0.0,-0.00029469837,0.00248266,-0.5281022
26057000,-0.13351795,-0.023161078,-0.77311194,0.0,0.0,-0.02715922,-0.004003114,-0.06309599,-0.0010341322,0.051097754,1.1887193,0.0,0.0,0.0,-5.5499797e-05,0.0027423138,-0.5272707
26144000,-0.13351795,-0.023161078,-0.77311194,0.0,0.0,-0.024679763,0.0004962846,-0.051753163,0.0048895366,0.051036805,1.1954808,0.0,0.0,0.0,0.0002636686,0.0027521634,-0.52685696
26257000,-0.13351795,-0.023161078,-0.77311194,0.0,0.0,-0.019468088,0.005368642,-0.03831333,0.020032683,0.049392022,1.1906095,0.0,0.0,0.0,0.0010773002,0.0026561609,-0.527155
26346000,-0.13351795,-0.023161078,-0.77311194,0.0,0.0,-0.0138328485,0.008373166,-0.0321607,0.03528909,0.047112834,1.1662611,0.0,0.0,0.0,0.0019016077,0.0025387488,-0.5286447
26448000,-0.13351795,-0.023161078,-0.77311194,0.0,0.0,-0.005925334,0.011739718,-0.03081739,0.053991623,0.047885828,1.1263695,0.0,0.0,0.0,0.0029262989,0.0025953697,-0.5310854
26550000,-0.13351795,-0.023161078,-0.77311194,0.0,0.0,0.0038274846,0.01584703,-0.03497255,0.07593253,0.053086568,1.0872198,0.0,0.0,0.0,0.0041315593,0.0028884888,-0.5334807
26650000,-0.13351795,-0.023161078,-0.77311194,0.0,0.0,0.014041566,0.020909263,-0.04144734,0.09387749,0.063080505,1.0658791,0.0,0.0,0.0,0.0051201074,0.0034404306,-0.53478634
26746000,-0.13351795,-0.023161078,-0.77311194,0.0,0.0,0.024508843,0.026900565,-0.048469245,0.1106282,0.07489345,1.0573139,0.0,0.0,0.0,0.006039637,0.004088734,-0.5353104
26856000,-0.13351795,-0.023161078,-0.77311194,0.0,0.0,0.033566825,0.03156877,-0.053094268,0.109029934,0.070060804,1.0732139,0.0,0.0,0.0,0.00594101,0.0038175932,-0.5343376
26950000,-0.13351795,-0.023161078,-0.77311194,0.0,0.0,0.037959717,0.0332066,-0.053345203,0.09584143,0.05822688,1.0994537,0.0,0.0,0.0,0.0052044326,0.0031618674,-0.5327322
27053000,-0.13351795,-0.023161078,-0.77311194,0.0,0.0,0.03935878,0.034658372,-0.04843396,0.073820606,0.052758887,1.1372478,0.0,0.0,0.0,0.003989765,0.0028514473,-0.5304198
27144000,-0.13351795,-0.023161078,-0.77311194,0.0,0.0,0.03826199,0.036252648,-0.041553557,0.05388604,0.052793264,1.1597521,0.0,0.0,0.0,0.0029029965,0.0028441255,-0.52904296
27238000,-0.13351795,-0.023161078,-0.77311194,0.0,0.0,0.035864655,0.038943842,-0.035648346,0.03711185,0.058311075,1.1577822,0.0,0.0,0.0,0.002000844,0.0031437767,-0.5291635
27357000,-0.13351795,-0.023161078,-0.77311194,0.0,0.0,0.033148594,0.043494634,-0.034128487,0.026640147,0.06793329,1.1218438,0.0,0.0,0.0,0.0014443524,0.0036831484,-0.5313623
27444000,-0.13351795,-0.023161078,-0.77311194,0.0,0.0,0.031674154,0.047905363,-0.03341645,0.023916453,0.07845453,1.1156474,0.0,0.0,0.0,0.0012970848,0.004254903,-0.5317414
27540000,-0.13351795,-0.023161078,-0.77311194,0.0,0.0,0.030433144,0.052338935,-0.030886054,0.022138515,0.082424566,1.1259925,0.0,0.0,0.0,0.0011996237,0.0044663544,-0.53110844
27649000,-0.13351795,-0.023161078,-0.77311194,0.0,0.0,0.02892167,0.057456747,-0.029116452,0.018010292,0.08841954,1.1244276,0.0,0.0,0.0,0.0009754488,0.004788858,-0.5312042
27746000,-0.13351795,-0.023161078,-0.77311194,0.0,0.0,0.02712894,0.061111845,-0.029924333,0.012539048,0.08869736,1.1089224,0.0,0.0,0.0,0.0006804732,0.0048134583,-0.5321529
27853000,-0.13351795,-0.023161078,-0.77311194,0.0,0.0,0.025559211,0.06483071,-0.030486643,0.010782193,0.08894749,1.1073809,0.0,0.0,0.0,0.0005851092,0.0048268465,-0.5322472
27946000,-0.13351795,-0.023161078,-0.77311194,0.0,0.0,0.024477644,0.066433474,-0.028388321,0.009674727,0.08172803,1.1247952,0.0,0.0,0.0,0.00052414235,0.0044277348,-0.5311817
28042000,-0.13351795,-0.023161078,-0.77311194,0.0,0.0,0.022694116,0.0655471,-0.0228737,0.003919852,0.06375433,1.1490818,0.0,0.0,0.0,0.00021176496,0.0034442456,-0.52969575
28138000,-0.13351795,-0.023161078,-0.77311194,0.0,0.0,0.020042196,0.061196417,-0.014843106,-0.002956508,0.03728731,1.1696421,0.0,0.0,0.0,-0.00015994145,0.0020171725,-0.52843785
28242000,-0.13351795,-0.023161078,-0.77311194,0.0,0.0,0.017803041,0.053791407,-0.0063637495,-0.003665876,0.008664418,1.174003,0.0,0.0,0.0,-0.00021317229,0.0005038397,-0.52817106
28352000,-0.13351795,-0.023161078,-0.77311194,0.0,0.0,0.01710639,0.044342585,0.0008034706,0.0027273502,-0.016770896,1.1649665,0.0,0.0,0.0,0.00014651124,-0.00090092013,-0.5287239
28441000,-0.13351795,-0.023161078,-0.77311194,0.0,0.0,0.017243734,0.036713358,0.005033493,0.007582996,-0.029024504,1.1542053,0.0,0.0,0.0,0.0004106554,-0.0015718152,-0.5293823
28553000,-0.13351795,-0.023161078,-0.77311194,0.0,0.0,0.016639097,0.028582692,0.007874489,0.0068909386,-0.036740128,1.1403779,0.0,0.0,0.0,0.00037428553,-0.0019955626,-0.5302283
28657000,-0.13351795,-0.023161078,-0.77311194,0.0,0.0,0.015410163,0.01956685,0.012773216,0.0028900593,-0.052486572,1.1510043,0.0,0.0,0.0,0.00015638629,-0.0028401425,-0.52957815
28742000,-0.13351795,-0.023161078,-0.77311194,0.0,0.0,0.013674173,0.01149738,0.017703056,-0.0028048973,-0.065313995,1.1609885,0.0,0.0,0.0,-0.0001511378,-0.0035193497,-0.5289673
28854000,-0.13351795,-0.023161078,-0.77311194,0.0,0.0,0.010634177,0.0020462063,0.024799883,-0.010515347,-0.07310547,1.1680827,0.0,0.0,0.0,-0.0005674436,-0.0039450177,-0.5285332
28945000,-0.13351795,-0.023161078,-0.77311194,0.0,0.0,0.007669479,-0.0041581835,0.029352665,-0.017781999,-0.07328743,1.1633565,0.0,0.0,0.0,-0.0009578703,-0.003947804,-0.5288224
29041000,-0.13351795,-0.023161078,-0.77311194,0.0,0.0,0.003364212,-0.010185873,0.03113234,-0.028484065,-0.073808566,1.1447995,0.0,0.0,0.0,-0.0015365767,-0.0039816126,-0.5299578
29141000,nan,nan,nan,-5.867934e-05,0.0,0.0,0.0,0.0,-0.038436804,-0.050457016,1.0027343,0.0,0.0,0.0,-0.0021114363,-0.0027717387,-0.53864974
29249000,nan,nan,nan,-0.000102202874,0.0,0.0,0.0,0.0,-0.032484856,-0.050491676,1.0790101,0.0,0.0,0.0,-0.001770483,-0.0027518873,-0.533983
29345000,nan,nan,nan,-7.5793985e-05,0.0,0.2,0.0,0.0,0.3389186,-0.053981587,1.108651,0.0,0.0,0.0,0.018391732,-0.0029293608,-0.53216946
29446000,nan,nan,nan,9.819389e-07,0.0,0.2,0.0,0.0,0.29584533,-0.051209174,1.116535,0.0,0.0,0.0,0.01604018,-0.0027764654,-0.5316871
29545000,nan,nan,nan,1.6128435e-05,0.0,0.2,0.0,0.0,0.23313507,-0.048617538,1.112726,0.0,0.0,0.0,0.012645525,-0.0026370732,-0.53192014
29646000,nan,nan,nan,-1.351166e-05,0.0,0.2,0.0,0.0,0.18050916,-0.047008067,1.1113384,0.0,0.0,0.0,0.009792394,-0.0025501281,-0.5320051
29749000,nan,nan,nan,-4.7599242e-05,0.0,0.2,0.0,0.0,0.14036292,-0.045176446,1.1143279,0.0,0.0,0.0,0.0076095494,-0.002449168,-0.53182214
29856000,nan,nan,nan,-6.752322e-05,0.0,0.2,0.0,0.0,0.11001105,-0.03619296,1.1235429,0.0,0.0,0.0,0.0059601907,-0.0019608664,-0.53125834
29949000,nan,nan,nan,-8.19336e-05,0.0,0.2,0.0,0.0,0.09298201,-0.024173502,1.129993,0.0,0.0,0.0,0.0050363857,-0.0013093619,-0.5308637
30053000,nan,nan,nan,-0.00010247666,0.0,0.2,0.0,0.0,0.08300996,-0.011464577,1.1283225,0.0,0.0,0.0,0.004492688,-0.00062048907,-0.5309659
30146000,nan,nan,nan,-6.167163e-05,0.0,0.2,0.0,0.0,0.07742328,-0.0013770498,1.1228458,0.0,0.0,0.0,0.0041985833,-7.467596e-05,-0.53130096
30241000,nan,nan,nan,-0.00011487066,0.0,0.2,0.0,0.0,0.07412696,0.0064325924,1.1166635,0.0,0.0,0.0,0.004019376,0.00034879358,-0.5316792
30353000,nan,nan,nan,-0.00012573134,0.0,0.2,0.0,0.0,0.06962504,0.011947815,1.1081163,0.0,0.0,0.0,0.003777311,0.00064819516,-0.5322022
30449000,nan,nan,nan,-0.00018086357,0.0,0.2,0.0,0.0,0.061053965,0.009044482,1.1045251,0.0,0.0,0.0,0.0033133908,0.0004908429,-0.5324219
30541000,nan,nan,nan,-0.00021705075,0.0,0.2,0.0,0.0,0.052425593,0.002998525,1.0992552,0.0,0.0,0.0,0.0028449523,0.00016271939,-0.53274435
30641000,nan,nan,nan,-0.00024013115,0.0,0.2,0.0,0.0,0.037122697,-0.0007271124,1.1053234,0.0,0.0,0.0,0.0020131716,-3.943146e-05,-0.5323731
30757000,nan,nan,nan,-0.00020891322,0.0,0.2,0.0,0.0,0.019287642,-0.0038513807,1.117846,0.0,0.0,0.0,0.001049532,-0.0002095719,-0.5316069
30845000,nan,nan,nan,-0.00021029515,0.0,0.2,0.0,0.0,0.013930764,-0.008071169,1.1206836,0.0,0.0,0.0,0.0007614077,-0.0004411424,-0.5314333
30945000,nan,nan,nan,-0.00020885946,0.0,0.2,0.0,0.0,0.012804006,-0.016089352,1.11779,0.0,0.0,0.0,0.0006857625,-0.0008617205,-0.5316103
31049000,nan,nan,nan,-0.00014165117,0.0,0.2,0.0,0.0,0.01778589,-0.020722304,1.1092408,0.0,0.0,0.0,0.0009647438,-0.001124021,-0.5321334
31157000,nan,nan,nan,-0.00013425325,0.0,0.2,0.0,0.0,0.020963002,-0.019177815,1.1030749,0.0,0.0,0.0,0.0011349766,-0.0010383232,-0.53251064
31249000,nan,nan,nan,-9.3254646e-05,0.0,0.2,0.0,0.0,0.02870696,-0.02365123,1.1061658,0.0,0.0,0.0,0.0015539045,-0.0012802384,-0.5323215
31352000,nan,nan,nan,-5.420507e-05,0.0,0.2,0.0,0.0,0.034651726,-0.02939485,1.1173285,0.0,0.0,0.0,0.0018884122,-0.0016019285,-0.53163856
31449000,nan,nan,nan,-2.7214895e-05,0.0,0.2,0.0,0.0,0.033162843,-0.03030655,1.1193488,0.0,0.0,0.0,0.001802286,-0.0016470562,-0.53151494
31548000,nan,nan,nan,1.2655437e-06,0.0,0.2,0.0,0.0,0.027785884,-0.027650712,1.1144683,0.0,0.0,0.0,0.0015066447,-0.0014993151,-0.53181356
31648000,nan,nan,nan,3.2440286e-05,0.0,0.2,0.0,0.0,0.029912943,-0.03058148,1.1155413,0.0,0.0,0.0,0.0016188058,-0.0016549852,-0.5317479
31749000,nan,nan,nan,7.040173e-05,0.0,0.2,0.0,0.0,0.032761227,-0.032171033,1.1193631,0.0,0.0,0.0,0.0017761474,-0.0017441502,-0.53151405
31852000,nan,nan,nan,0.00011807933,0.0,0.2,0.0,0.0,0.032722656,-0.032704026,1.1212888,0.0,0.0,0.0,0.0017793637,-0.0017783507,-0.53139627
31938000,nan,nan,nan,0.00015779768,0.0,0.2,0.0,0.0,0.028827472,-0.030204581,1.1215178,0.0,0.0,0.0,0.0015617171,-0.0016363215,-0.5313822
32038000,nan,nan,nan,0.0002104985,0.0,0.2,0.0,0.0,0.020968314,-0.027457818,1.1261227,0.0,0.0,0.0,0.0011349695,-0.0014862324,-0.5311005
32149000,nan,nan,nan,0.0002742429,0.0,0.2,0.0,0.0,0.012580166,-0.024558367,1.1357125,0.0,0.0,0.0,0.00067844137,-0.0013244192,-0.53051376
32248000,nan,nan,nan,0.00033906937,0.0,0.2,0.0,0.0,0.006638861,-0.01702578,1.1352283,0.0,0.0,0.0,0.00036449276,-0.00093476486,-0.5305434
32346000,nan,nan,nan,0.00040234535,0.0,0.2,0.0,0.0,0.002713468,-0.0076940833,1.126783,0.0,0.0,0.0,0.00014937794,-0.00042356367,-0.5310601
32457000,nan,nan,nan,0.0004626609,0.0,0.2,0.0,0.0,-0.0052921395,-0.0013384861,1.1169766,0.0,0.0,0.0,-0.00035592195,-9.0019654e-05,-0.5316601
32549000,nan,nan,nan,0.0005238699,0.0,0.2,0.0,0.0,-0.013309782,0.0018283413,1.1080259,0.0,0.0,0.0,-0.0007281773,0.00010002843,-0.5322077
32644000,nan,nan,nan,0.0006013209,0.0,0.2,0.0,0.0,-0.02135308,0.0039004523,1.1135715,0.0,0.0,0.0,-0.0011567109,0.00021129013,-0.5318684
32750000,nan,nan,nan,0.0007031426,0.0,0.2,0.0,0.0,-0.029186036,0.005812429,1.1218487,0.0,0.0,0.0,-0.0015685844,0.00031238515,-0.531362
32853000,nan,nan,nan,0.00075171795,0.0,0.2,0.0,0.0,-0.022817142,0.0059068855,1.1175216,0.0,0.0,0.0,-0.0012438695,0.00032201206,-0.5316267
32945000,nan,nan,nan,0.0007874187,0.0,0.2,0.0,0.0,-0.012678365,0.005627383,1.1096911,0.0,0.0,0.0,-0.0006716834,0.00029813152,-0.5321058
33054000,nan,nan,nan,0.00083028513,0.0,0.2,0.0,0.0,-0.0057559926,0.0048366063,1.1099863,0.0,0.0,0.0,-0.00031450417,0.00026426942,-0.53208774
33144000,nan,nan,nan,0.0008646986,0.0,0.2,0.0,0.0,-0.0027351067,0.0032504667,1.1153315,0.0,0.0,0.0,-0.000118209115,0.00014048256,-0.5317607
33254000,nan,nan,nan,0.000911821,0.0,0.2,0.0,0.0,0.0025905292,0.0070113083,1.1137637,0.0,0.0,0.0,0.0001423104,0.00038516542,-0.53185666
33350000,nan,nan,nan,0.00096412445,0.0,0.2,0.0,0.0,0.0053761373,0.011901501,1.1083173,0.0,0.0,0.0,0.00029296378,0.0006485527,-0.5321899
33448000,nan,nan,nan,0.0010086833,0.0,0.2,0.0,0.0,0.0075721894,0.019203687,1.1065336,0.0,0.0,0.0,0.00041558407,0.0010539548,-0.532299
33541000,nan,nan,nan,0.0010486946,0.0,0.2,0.0,0.0,0.010124285,0.02811895,1.1048883,0.0,0.0,0.0,0.0005534821,0.0015372281,-0.53239965
33655000,nan,nan,nan,0.0010892603,0.0,0.2,0.0,0.0,0.0049360823,0.027130477,1.1133953,0.0,0.0,0.0,0.00026705133,0.0014678098,-0.5318792
33749000,nan,nan,nan,0.0011146043,0.0,0.2,0.0,0.0,-0.0042332187,0.021449476,1.124513,0.0,0.0,0.0,-0.00023014123,0.0011661125,-0.531199
33849000,nan,nan,nan,0.0011417713,0.0,0.2,0.0,0.0,-0.0074082827,0.012003513,1.1342736,0.0,0.0,0.0,-0.00041939956,0.00067954586,-0.5306018
33942000,nan,nan,nan,0.0011662678,0.0,0.2,0.0,0.0,-0.0073327823,0.00491518,1.1406457,0.0,0.0,0.0,-0.00037247778,0.0002496727,-0.5302119
34046000,nan,nan,nan,0.0011989294,0.0,0.2,0.0,0.0,-0.011188474,0.005440266,1.1433887,0.0,0.0,0.0,-0.0006158103,0.0002994306,-0.5300441
34149000,nan,nan,nan,0.0012493188,0.0,0.2,0.0,0.0,-0.018019194,0.010846063,1.141321,0.0,0.0,0.0,-0.000979415,0.0005895267,-0.5301706
34248000,nan,nan,nan,0.0013050956,0.0,0.2,0.0,0.0,-0.015701702,0.015604818,1.1421919,0.0,0.0,0.0,-0.0008413513,0.00083616,-0.53011733
34350000,nan,nan,nan,0.0013566478,0.0,0.2,0.0,0.0,-0.011040102,0.019930465,1.1491356,0.0,0.0,0.0,-0.00059447077,0.0010731857,-0.5296925
34445000,nan,nan,nan,0.001400047,0.0,0.2,0.0,0.0,-0.005042172,0.01771302,1.1489483,0.0,0.0,0.0,-0.00027425558,0.00096345285,-0.529704
34553000,nan,nan,nan,0.0014345936,0.0,0.2,0.0,0.0,0.0015476882,0.0129231,1.1497408,0.0,0.0,0.0,8.42207e-05,0.0007032376,-0.52965546
34649000,nan,nan,nan,0.001463734,0.0,0.2,0.0,0.0,0.008706242,0.005183781,1.1456314,0.0,0.0,0.0,0.00047161162,0.00028080214,-0.52990687
34749000,nan,nan,nan,0.0014934526,0.0,0.2,0.0,0.0,0.014618569,-0.0019458216,1.1358472,0.0,0.0,0.0,0.0008119828,-0.00010807991,-0.53050554
34845000,nan,nan,nan,0.0015213961,0.0,0.2,0.0,0.0,0.010797852,-0.0065757474,1.1238563,0.0,0.0,0.0,0.0006067276,-0.00036948896,-0.53123915
34944000,nan,nan,nan,0.001557736,0.0,0.2,0.0,0.0,0.0020898413,-0.007819248,1.1138029,0.0,0.0,0.0,0.00011614201,-0.00043455127,-0.5318543
35058000,nan,nan,nan,0.0016018859,0.0,0.2,0.0,0.0,-0.0020727573,-0.005699405,1.1118574,0.0,0.0,0.0,-0.00012555101,-0.00034522425,-0.5319733
35152000,nan,nan,nan,0.0016504591,0.0,0.2,0.0,0.0,-0.0016230036,-0.0028289147,1.1149341,0.0,0.0,0.0,-0.0,-0.0,-0.531785
35250000,nan,nan,nan,0.001701957,0.0,0.2,0.0,0.0,-0.004644071,-0.0046645673,1.1184937,0.0,0.0,0.0,-0.00025898227,-0.00026012526,-0.5315673
35353000,nan,nan,nan,0.0017437444,0.0,0.2,0.0,0.0,-0.00984024,-0.009475609,1.1190572,0.0,0.0,0.0,-0.00052877987,-0.0005091859,-0.53153276
35446000,nan,nan,nan,0.0017825034,0.0,0.2,0.0,0.0,-0.01321139,-0.0054485905,1.1173581,0.0,0.0,0.0,-0.00073967007,-0.0003050519,-0.5316367
35546000,nan,nan,nan,0.001834461,0.0,0.2,0.0,0.0,-0.016191313,0.006068497,1.1147902,0.0,0.0,0.0,-0.00087668316,0.00032858044,-0.53179383
35649000,nan,nan,nan,0.0018906716,0.0,0.2,0.0,0.0,-0.011447812,0.011129124,1.1133997,0.0,0.0,0.0,-0.00060340256,0.00058660476,-0.53187895
35753000,nan,nan,nan,0.0019352555,0.0,0.2,0.0,0.0,-0.0046416204,0.012272377,1.1111478,0.0,0.0,0.0,-0.00025167203,0.00066541723,-0.5320167
35846000,nan,nan,nan,0.001969456,0.0,0.2,0.0,0.0,-0.006502809,0.008815338,1.1170794,0.0,0.0,0.0,-0.00036140723,0.0004899309,-0.53165376
35945000,nan,nan,nan,0.0020024707,0.0,0.2,0.0,0.0,-0.010613644,0.004535962,1.1260873,0.0,0.0,0.0,-0.0005592458,0.00023900537,-0.53110266
36045000,nan,nan,nan,0.0020308588,0.0,0.2,0.0,0.0,-0.0077682156,0.0044334577,1.1312978,0.0,0.0,0.0,-0.00038987267,0.00022250722,-0.5307839
36149000,nan,nan,nan,0.0020659454,0.0,0.2,0.0,0.0,-0.001093559,0.0079703,1.1274412,0.0,0.0,0.0,-5.572738e-05,0.00040616372,-0.5310198
36240000,nan,nan,nan,0.0020998516,0.0,0.2,0.0,0.0,-0.0005065168,0.01289466,1.1238352,0.0,0.0,0.0,-2.788311e-05,0.00070983486,-0.53124046
36353000,nan,nan,nan,0.0021381374,0.0,0.2,0.0,0.0,-0.003073044,0.019341862,1.1168228,0.0,0.0,0.0,-0.00016546703,0.0010414561,-0.5316695
36449000,nan,nan,nan,0.0021702044,0.0,0.2,0.0,0.0,0.0011921192,0.027609114,1.1078423,0.0,0.0,0.0,6.439933e-05,0.0014914686,-0.53221893
36548000,nan,nan,nan,0.0021956305,0.0,0.2,0.0,0.0,0.0073919217,0.032698486,1.1038147,0.0,0.0,0.0,0.00040129898,0.0017751633,-0.53246534
36642000,nan,nan,nan,0.002210032,0.0,0.2,0.0,0.0,0.008076623,0.03446833,1.108294,0.0,0.0,0.0,0.000437664,0.001867804,-0.5321913
36741000,nan,nan,nan,0.0022123833,0.0,0.2,0.0,0.0,0.004821535,0.03460193,1.118387,0.0,0.0,0.0,0.0002607851,0.0018715343,-0.5315738
36845000,nan,nan,nan,0.0022083549,0.0,0.2,0.0,0.0,-0.0018292335,0.033841155,1.1256578,0.0,0.0,0.0,-9.947366e-05,0.0018402811,-0.53112894
36949000,nan,nan,nan,0.0021998493,0.0,0.2,0.0,0.0,-0.0075504067,0.030504731,1.128335,0.0,0.0,0.0,-0.00040847302,0.0016502899,-0.53096515
37046000,nan,nan,nan,0.0021909166,0.0,0.2,0.0,0.0,-0.011208831,0.027414814,1.1324996,0.0,0.0,0.0,-0.0006045461,0.0014786125,-0.53071034
37149000,nan,nan,nan,0.0021806296,0.0,0.2,0.0,0.0,-0.012770811,0.024031587,1.1357039,0.0,0.0,0.0,-0.0006930004,0.0013040599,-0.5305143
37241000,nan,nan,nan,0.0021722137,0.0,0.2,0.0,0.0,-0.0145610655,0.024068251,1.1366521,0.0,0.0,0.0,-0.0007875018,0.0013016763,-0.53045624
37346000,nan,nan,nan,0.0021619177,0.0,0.2,0.0,0.0,-0.017573923,0.026225649,1.1332144,0.0,0.0,0.0,-0.00094586686,0.0014115216,-0.5306666
37454000,nan,nan,nan,0.0021498564,0.0,0.2,0.0,0.0,-0.018542599,0.025725005,1.1204244,0.0,0.0,0.0,-0.0010065073,0.0013963742,-0.53144914
37558000,nan,nan,nan,0.0021375979,0.0,0.2,0.0,0.0,-0.017759824,0.023435943,1.1128707,0.0,0.0,0.0,-0.00096060225,0.0012676151,-0.53191125
37649000,nan,nan,nan,0.002122877,0.0,0.2,0.0,0.0,-0.014527209,0.017569538,1.1150303,0.0,0.0,0.0,-0.0007848515,0.0009492173,-0.53177917
37754000,nan,nan,nan,0.0021079162,0.0,0.2,0.0,0.0,-0.009029083,0.011925729,1.1244569,0.0,0.0,0.0,-0.0004951026,0.00065393787,-0.53120244
37851000,nan,nan,nan,0.0020986171,0.0,0.2,0.0,0.0,-0.0014428874,0.010367327,1.1335435,0.0,0.0,0.0,-7.986567e-05,0.00057384494,-0.53064644
37942000,nan,nan,nan,0.0020933968,0.0,0.2,0.0,0.0,0.0054935566,0.00869965,1.1364795,0.0,0.0,0.0,0.00030923937,0.0004897145,-0.53046685
38046000,nan,nan,nan,0.0020877114,0.0,0.2,0.0,0.0,0.013067711,0.00048157526,1.1338857,0.0,0.0,0.0,0.0007090786,2.613118e-05,-0.5306255
38153000,nan,nan,nan,0.0020805767,0.0,0.2,0.0,0.0,0.019475738,-0.010936514,1.1284442,0.0,0.0,0.0,0.0010602904,-0.0005954014,-0.5309585
38249000,nan,nan,nan,0.0020784244,0.0,0.2,0.0,0.0,0.022286804,-0.014504826,1.122591,0.0,0.0,0.0,0.0012008381,-0.0007815364,-0.5313166
38341000,nan,nan,nan,0.0020814503,0.0,0.2,0.0,0.0,0.0226035,-0.0139035825,1.117125,0.0,0.0,0.0,0.001221144,-0.0007511348,-0.531651
38441000,nan,nan,nan,0.0020863593,0.0,0.2,0.0,0.0,0.017835572,-0.0121435495,1.1123717,0.0,0.0,0.0,0.0009720864,-0.00066185585,-0.53194183
38556000,nan,nan,nan,0.0020880944,0.0,0.2,0.0,0.0,0.0074279015,-0.010082853,1.1098546,0.0,0.0,0.0,0.00042201873,-0.00057286076,-0.5320958
38649000,nan,nan,nan,0.0020873402,0.0,0.2,0.0,0.0,-0.0005308874,-0.010232546,1.1147864,0.0,0.0,0.0,-3.0083867e-05,-0.0005798491,-0.5317941
38749000,nan,nan,nan,0.0020867265,0.0,0.2,0.0,0.0,-0.007306005,-0.011221075,1.122564,0.0,0.0,0.0,-0.00038766567,-0.0005954041,-0.53131825
38850000,nan,nan,nan,0.0020877183,0.0,0.2,0.0,0.0,-0.007916439,-0.008233149,1.1276895,0.0,0.0,0.0,-0.00042145362,-0.00043831454,-0.5310046
38942000,nan,nan,nan,0.002088579,0.0,0.2,0.0,0.0,-0.008950188,-0.0038983398,1.1326692,0.0,0.0,0.0,-0.0005039699,-0.0002195089,-0.53069997
39042000,nan,nan,nan,0.0020873677,0.0,0.2,0.0,0.0,-0.012004921,-0.00026266486,1.1305941,0.0,0.0,0.0,-0.000685596,-1.5000683e-05,-0.5308269
39149000,nan,nan,nan,0.002082716,0.0,0.2,0.0,0.0,-0.018116644,0.0037065786,1.1255248,0.0,0.0,0.0,-0.0009840527,0.00020133248,-0.53113705
39249000,nan,nan,nan,0.002074245,0.0,0.2,0.0,0.0,-0.019350398,0.006941673,1.1187152,0.0,0.0,0.0,-0.0010364936,0.0003718269,-0.5315537
39354000,nan,nan,nan,0.0020623596,0.0,0.2,0.0,0.0,-0.019180207,0.010477103,1.1093118,0.0,0.0,0.0,-0.0010449509,0.00057079975,-0.53212905
39446000,nan,nan,nan,0.0020502666,0.0,0.2,0.0,0.0,-0.017962195,0.01217767,1.1031358,0.0,0.0,0.0,-0.0009744317,0.0006606268,-0.5325069
39549000,nan,nan,nan,0.0020331005,0.0,0.2,0.0,0.0,-0.01575094,0.011695214,1.0991529,0.0,0.0,0.0,-0.0008483714,0.0006299233,-0.5327506
39649000,nan,nan,nan,0.002014051,0.0,0.2,0.0,0.0,-0.0145236105,0.006563754,1.0997427,0.0,0.0,0.0,-0.0007680718,0.00034711987,-0.5327145
39746000,nan,nan,nan,0.0019944208,0.0,0.2,0.0,0.0,-0.013682327,0.0011207215,1.100803,0.0,0.0,0.0,-0.0007331705,6.00541e-05,-0.53264964
39848000,nan,nan,nan,0.001974999,0.0,0.2,0.0,0.0,-0.01139624,-0.0011450769,1.1011709,0.0,0.0,0.0,-0.000606867,-6.0977083e-05,-0.5326271
39946000,nan,nan,nan,0.0019573297,0.0,0.2,0.0,0.0,-0.007971289,0.00010981655,1.1049054,0.0,0.0,0.0,-0.0004109944,5.6620697e-06,-0.53239864
40050000,nan,nan,nan,0.001942601,0.0,0.2,0.0,0.0,-0.005306771,-0.006601529,1.1060271,0.0,0.0,0.0,-0.00028206897,-0.0003508888,-0.53233
40145000,nan,nan,nan,0.0019313076,0.0,0.2,0.0,0.0,-0.003392831,-0.01747142,1.1038973,0.0,0.0,0.0,-0.00018544609,-0.0009549567,-0.53246033
40249000,nan,nan,nan,0.0019231644,0.0,0.2,0.0,0.0,-0.0076743853,-0.019811321,1.1014714,0.0,0.0,0.0,-0.00041482667,-0.0010708694,-0.53260875
40344000,nan,nan,nan,0.0019187981,0.0,0.2,0.0,0.0,-0.014030855,-0.018197069,1.0998781,0.0,0.0,0.0,-0.0007533865,-0.0009770913,-0.5327062
40452000,nan,nan,nan,0.0019166796,0.0,0.2,0.0,0.0,-0.013241225,-0.019629616,1.0985897,0.0,0.0,0.0,-0.0007200914,-0.0010675084,-0.53278506
40538000,nan,nan,nan,0.0019186029,0.0,0.2,0.0,0.0,-0.007595185,-0.021744678,1.099068,0.0,0.0,0.0,-0.00041583538,-0.0011905183,-0.5327558
40645000,nan,nan,nan,0.0019234618,0.0,0.2,0.0,0.0,-0.0050781583,-0.01720695,1.104999,0.0,0.0,0.0,-0.00027531828,-0.0009328949,-0.5323929
40749000,nan,nan,nan,0.0019297507,0.0,0.2,0.0,0.0,-0.0054875636,-0.01094275,1.1116052,0.0,0.0,0.0,-0.00030807938,-0.00061434106,-0.53198874
40845000,nan,nan,nan,0.001935413,0.0,0.2,0.0,0.0,-0.0058370517,-0.015314424,1.1221197,0.0,0.0,0.0,-0.0003133536,-0.00082213245,-0.5313454
40949000,nan,nan,nan,0.0019413161,0.0,0.2,0.0,0.0,-0.0058751386,-0.023918822,1.1320719,0.0,0.0,0.0,-0.00032121,-0.001307708,-0.5307365
41046000,nan,nan,nan,0.0019497835,0.0,0.2,0.0,0.0,-0.005246241,-0.0250271,1.1305722,0.0,0.0,0.0,-0.00028388808,-0.0013542832,-0.53082824
41140000,nan,nan,nan,0.0019615486,0.0,0.2,0.0,0.0,-0.004729678,-0.02206068,1.1253668,0.0,0.0,0.0,-0.00025500628,-0.0011894281,-0.53114676
41253000,nan,nan,nan,0.0019796744,0.0,0.2,0.0,0.0,-0.006374206,-0.016134141,1.1159093,0.0,0.0,0.0,-0.00034396563,-0.00087063236,-0.5317254
41350000,nan,nan,nan,0.0019953009,0.0,0.2,0.0,0.0,-0.009317394,-0.011259858,1.1056845,0.0,0.0,0.0,-0.0005107706,-0.00061725447,-0.53235096
41452000,nan,nan,nan,0.0020235106,0.0,0.2,0.0,0.0,-0.010807185,-0.015090206,1.1110632,0.0,0.0,0.0,-0.00058581127,-0.00081797555,-0.5320219
41538000,nan,nan,nan,0.002087134,0.0,0.2,0.0,0.0,-0.012133659,-0.02241432,1.1200296,0.0,0.0,0.0,-0.00065953005,-0.0012183395,-0.5314733
41649000,nan,nan,nan,0.002110416,0.0,0.2,0.0,0.0,-0.012296244,-0.022609042,1.1294994,0.0,0.0,0.0,-0.00066118746,-0.0012157221,-0.5308939
41750000,nan,nan,nan,0.0021360551,0.0,0.2,0.0,0.0,-0.012558243,-0.019242587,1.133023,0.0,0.0,0.0,-0.0006717551,-0.0010293085,-0.53067833
41853000,nan,nan,nan,0.0021687779,0.0,0.2,0.0,0.0,-0.015779622,-0.0221845,1.1335422,0.0,0.0,0.0,-0.00085617456,-0.001203692,-0.53064656
41953000,nan,nan,nan,0.0022038473,0.0,0.2,0.0,0.0,-0.019403106,-0.027983708,1.1347846,0.0,0.0,0.0,-0.0010490203,-0.0015129268,-0.5305705
42046000,nan,nan,nan,0.0022337663,0.0,0.2,0.0,0.0,-0.019527456,-0.026596704,1.1335163,0.0,0.0,0.0,-0.0010568557,-0.001439454,-0.5306481
42146000,nan,nan,nan,0.0023108965,0.0,0.2,0.0,0.0,-0.01811386,-0.021566091,1.1281297,0.0,0.0,0.0,-0.0009794328,-0.001166098,-0.5309777
42242000,nan,nan,nan,0.0023516344,0.0,0.2,0.0,0.0,-0.013648917,-0.017893443,1.1206421,0.0,0.0,0.0,-0.0007381677,-0.00096772244,-0.5314358
42342000,nan,nan,nan,0.0023946434,0.0,0.2,0.0,0.0,-0.0071263537,-0.01615465,1.1136861,0.0,0.0,0.0,-0.00039218584,-0.0008890417,-0.5318614
42446000,nan,nan,nan,0.00244179,0.0,0.2,0.0,0.0,-0.005682258,-0.009439012,1.1105573,0.0,0.0,0.0,-0.00031423054,-0.0005219801,-0.5320528
42546000,nan,nan,nan,0.002485434,0.0,0.2,0.0,0.0,-0.006693069,0.00023293681,1.1115934,0.0,0.0,0.0,-0.00036713452,1.277727e-05,-0.53198946
42646000,nan,nan,nan,0.002517496,0.0,0.2,0.0,0.0,-0.0027406623,-0.0002886199,1.1125128,0.0,0.0,0.0,-0.0,-0.0,-0.5319332
42752000,nan,nan,nan,0.00255043,0.0,0.2,0.0,0.0,0.0030165059,-0.004752555,1.1108403,0.0,0.0,0.0,0.00019687731,-0.00031018344,-0.5320355
42846000,nan,nan,nan,0.002581758,0.0,0.2,0.0,0.0,0.006192673,-0.007997103,1.1104552,0.0,0.0,0.0,0.00033741983,-0.00043573772,-0.5320591
42945000,nan,nan,nan,0.0026146262,0.0,0.2,0.0,0.0,0.0068111904,-0.009060302,1.1144165,0.0,0.0,0.0,0.0003659456,-0.00048678386,-0.5318167
43049000,nan,nan,nan,0.00265336,0.0,0.2,0.0,0.0,0.011319985,-0.011503166,1.1239549,0.0,0.0,0.0,0.0006169867,-0.0006269709,-0.53123313
43144000,nan,nan,nan,0.0026861688,0.0,0.2,0.0,0.0,0.016753564,-0.014394574,1.1323963,0.0,0.0,0.0,0.00090072333,-0.00077389675,-0.53071666
43245000,nan,nan,nan,0.0027207017,0.0,0.2,0.0,0.0,0.02284928,-0.017637871,1.1397966,0.0,0.0,0.0,0.0012211802,-0.00094265636,-0.5302639
43345000,nan,nan,nan,0.0027655277,0.0,0.2,0.0,0.0,0.025903573,-0.01873162,1.1400913,0.0,0.0,0.0,0.0014073998,-0.0010177314,-0.53024584
43441000,nan,nan,nan,0.0028082235,0.0,0.2,0.0,0.0,0.025546791,-0.01806237,1.1328564,0.0,0.0,0.0,0.001379354,-0.0009752461,-0.5306885
43548000,nan,nan,nan,0.002858072,0.0,0.2,0.0,0.0,0.021534001,-0.015913034,1.119073,0.0,0.0,0.0,0.001152748,-0.00085184904,-0.5315318
43646000,nan,nan,nan,0.0029128806,0.0,0.2,0.0,0.0,0.014922832,-0.011520162,1.1104363,0.0,0.0,0.0,0.00080963026,-0.00062502024,-0.5320602
43745000,nan,nan,nan,0.0029656189,0.0,0.2,0.0,0.0,0.009382114,-0.0061942707,1.1088762,0.0,0.0,0.0,0.00050854497,-0.00033575224,-0.5321557
43842000,nan,nan,nan,0.0030074026,0.0,0.2,0.0,0.0,0.008418804,-0.0021775402,1.112403,0.0,0.0,0.0,0.0004355433,-0.00011265414,-0.5319399
43946000,nan,nan,nan,0.0030482009,0.0,0.2,0.0,0.0,0.010156776,0.000996945,1.1143435,0.0,0.0,0.0,0.00057788147,5.672233e-05,-0.5318212
44046000,nan,nan,nan,0.003091309,0.0,0.2,0.0,0.0,0.0146712065,0.0025517885,1.1125857,0.0,0.0,0.0,0.0008091929,0.00014074433,-0.5319287
44148000,nan,nan,nan,0.0031341272,0.0,0.2,0.0,0.0,0.015718456,0.0021602106,1.1116819,0.0,0.0,0.0,0.0008338743,0.000114600574,-0.53198403
44249000,nan,nan,nan,0.0031749064,0.0,0.2,0.0,0.0,0.01646525,0.0037271846,1.1212176,0.0,0.0,0.0,0.0008947388,0.00020253909,-0.5314006
44342000,nan,nan,nan,0.0032081355,0.0,0.2,0.0,0.0,0.015219298,0.005788459,1.1312829,0.0,0.0,0.0,0.0008214864,0.00031244152,-0.5307848
44441000,nan,nan,nan,0.0032430354,0.0,0.2,0.0,0.0,0.012651726,0.008349222,1.138273,0.0,0.0,0.0,0.000683497,0.0004510585,-0.5303571
44542000,nan,nan,nan,0.0032726824,0.0,0.2,0.0,0.0,0.007448926,0.008217461,1.135407,0.0,0.0,0.0,0.00040802002,0.00045011705,-0.5305325
44646000,nan,nan,nan,0.0033030072,0.0,0.0,0.0,0.0,-0.36571327,0.004359142,1.1262892,0.0,0.0,0.0,-0.01980501,0.00023606705,-0.5310903
44744000,nan,nan,nan,0.0033519152,0.0,0.0,0.0,0.0,-0.33814377,0.0006700102,1.1214938,0.0,0.0,0.0,-0.018322915,3.6305686e-05,-0.5313837
44842000,2.959851,0.18146887,-0.75328827,-0.057625916,0.7853982,0.17335558,-0.0036476427,0.01286293,-0.22844271,0.0024782012,1.4936172,0.0,0.0,0.0,-0.011847143,0.00012852062,-0.5086161
44953000,2.976827,0.18112046,-0.74941593,0.0033519152,-2.3283064e-08,0.1371354,-0.0014742278,0.069615625,-0.2935984,-0.009498491,1.9325564,0.0,0.0,0.0,-0.014423537,-0.00046663004,-0.48176047
45045000,2.9905255,0.18083657,-0.7381859,0.0033519152,0.0,0.10429218,-0.00019076886,0.16262887,-0.3336246,-0.029891312,2.1387267,0.0,0.0,0.0,-0.015961157,-0.0014300502,-0.46914637
45157000,3.001206,0.18061158,-0.7158518,0.0033519152,0.0,0.06702105,0.0007053835,0.27575094,-0.3634371,0.0084228,2.1070004,0.0,0.0,0.0,-0.017458806,0.00040461484,-0.4710875
45253000,3.0089672,0.18044278,-0.677922,0.0033519152,0.0,0.03091305,0.0016718865,0.40744594,-0.3917995,0.03904386,1.6639043,0.0,0.0,0.0,-0.01990382,0.0019834682,-0.4981974
45345000,3.0133543,0.18033914,-0.62627524,0.0033519152,0.0,-0.0061126966,0.0035174903,0.49919772,-0.40833414,0.057111785,1.1186317,0.0,0.0,0.0,-0.022133498,0.0030957083,-0.5315588
45449000,3.0142703,0.18030123,-0.5622473,0.0033519152,0.0,-0.046674397,0.007954397,0.54883534,-0.4095955,0.068044335,0.8238611,0.0,0.0,0.0,-0.022955304,0.0038134658,-0.54959375
45548000,3.0117245,0.18033135,-0.49650794,0.0033519152,0.0,-0.08229819,0.014245193,0.56815517,-0.24556392,0.071368866,0.70930386,0.0,0.0,0.0,-0.013936069,0.0040502753,-0.5566027
45649000,3.0076478,0.1804124,-0.43304354,0.0033519152,0.0,-0.08700864,0.019890362,0.56898326,0.08731059,0.056026142,0.8427259,0.0,0.0,0.0,0.0048837555,0.0031338462,-0.54843956
45750000,3.0035415,0.18050145,-0.3641261,0.0033519152,0.0,-0.08348346,0.023501167,0.5895544,0.015632955,0.04377536,1.1750078,0.0,0.0,0.0,0.00084083027,0.0023544908,-0.52810955
45850000,2.9997869,0.18058316,-0.29658732,0.0033519152,0.0,-0.07947509,0.024744956,0.6180484,-0.010876343,0.029097581,1.2959685,0.0,0.0,0.0,-0.00057347957,0.0015342353,-0.5207088
45946000,2.9960587,0.18066423,-0.22489569,0.0033519152,0.0,-0.075375624,0.023935609,0.650365,-0.003730353,0.013160452,1.3214934,0.0,0.0,0.0,-0.00019552562,0.0006898022,-0.51914716
46050000,2.9926107,0.18073922,-0.15377893,0.0033519152,0.0,-0.0704198,0.022381503,0.6736263,-0.0017555968,0.001677163,1.2877979,0.0,0.0,0.0,-0.0,-0.0,-0.5212087
46145000,2.9896564,0.18080346,-0.08870303,0.0033519152,0.0,-0.06496921,0.02110297,0.68982625,0.0072257565,-0.0031280108,1.2579163,0.0,0.0,0.0,0.0003705732,-0.00016042015,-0.52303696
46249000,2.9866261,0.18086942,-0.017321404,0.0033519152,0.0,-0.05884379,0.020422012,0.70700747,0.016400646,-0.0023699666,1.248442,0.0,0.0,0.0,0.0008946461,-0.00012928035,-0.5236166
46342000,2.9840798,0.18092473,0.046625856,0.0033519152,0.0,-0.053379126,0.020376602,0.72327095,0.06539285,-0.000361471,1.2575941,0.0,0.0,0.0,0.003492531,-1.9305606e-05,-0.5230567
46452000,2.9814675,0.1809816,0.116860345,0.0033519152,0.0,-0.049623035,0.019232782,0.75190127,-0.08550132,0.0012549371,3.4718432,0.0,0.0,0.0,-0.0033798309,4.9607137e-05,-0.38758233
46549000,2.9789548,0.18103628,0.18916363,0.0033519152,0.0,-0.050864168,0.017158521,0.8693297,-0.045950677,-0.008718359,5.9405737,0.0,0.0,0.0,-0.0011089115,-0.0002103971,-0.23653808
46646000,2.9767873,0.18108338,0.25587413,0.0033519152,0.0,-0.053449154,0.016078502,0.96589136,-0.0519227,-0.007362106,4.0218396,0.0,0.0,0.0,-0.001874402,-0.00026577097,-0.3539319
46737000,2.9750636,0.1811209,0.3121601,0.0033519152,0.0,-0.05608865,0.016496422,1.0,-0.057509672,-0.004111539,5.8731246,0.0,0.0,0.0,-0.0014138806,-0.000101082565,-0.24066481
46841000,2.9728477,0.18116914,0.38956738,0.0033519152,0.0,-0.058354076,0.0173768,1.0,-0.0654826,0.0020419213,5.6747274,0.0,0.0,0.0,-0.001689467,5.2682062e-05,-0.25280333
46946000,2.970932,0.18121076,0.46136498,0.0033519152,0.0,-0.059784234,0.018178595,1.0,-0.061192248,0.0049196174,6.2734165,0.0,0.0,0.0,-0.0013453624,0.00010816187,-0.21617377
47045000,2.9692533,0.18124723,0.5289205,0.0033519152,0.0,-0.062703535,0.020522084,1.0,-0.08112943,0.018155303,5.9040174,0.0,0.0,0.0,-0.0019756174,0.00044210753,-0.23877469
47146000,2.9676516,0.18128206,0.59762985,0.0033519152,0.0,-0.067082606,0.023929844,1.0,-0.10057519,0.03330435,6.7929444,0.0,0.0,0.0,-0.001890085,0.00062588055,-0.1843875
47242000,2.9662316,0.18131293,0.662707,0.0033519152,0.0,-0.07126787,0.02827548,1.0,-0.11594339,0.051807553,6.5417624,0.0,0.0,0.0,-0.0023612638,0.0010550952,-0.19975555
47349000,nan,nan,nan,-0.004339703,0.0,nan,nan,nan,0.0,0.0,100.0,0.0,0.0,0.0,-0.0,-0.0,-0.12
47445000,nan,nan,nan,-0.004332115,0.0,nan,nan,nan,0.0,0.0,100.0,0.0,0.0,0.0,-0.0,-0.0,-0.12
47542000,nan,nan,nan,-0.0043254094,0.0,nan,nan,nan,0.0,0.0,100.0,0.0,0.0,0.0,-0.0,-0.0,-0.12
47654000,nan,nan,nan,-0.0043182503,0.0,nan,nan,nan,0.0,0.0,100.0,0.0,0.0,0.0,-0.0,-0.0,-0.12
47737000,nan,nan,nan,-0.004312447,0.0,nan,nan,nan,0.0,0.0,100.0,0.0,0.0,0.0,-0.0,-0.0,-0.12
47849000,nan,nan,nan,-0.004302309,0.0,nan,nan,nan,0.0,0.0,100.0,0.0,0.0,0.0,-0.0,-0.0,-0.12
47948000,nan,nan,nan,-0.004287824,0.0,nan,nan,nan,0.0,0.0,100.0,0.0,0.0,0.0,-0.0,-0.0,-0.001
48046000,nan,nan,nan,-0.0042681526,0.0,nan,nan,nan,0.0,0.0,100.0,0.0,0.0,0.0,-0.0,-0.0,-0.001
48142000,nan,nan,nan,-0.0042465953,0.0,nan,nan,nan,0.0,0.0,100.0,0.0,0.0,0.0,-0.0,-0.0,-0.001
48248000,nan,nan,nan,-0.0042259423,0.0,nan,nan,nan,0.0,0.0,100.0,0.0,0.0,0.0,-0.0,-0.0,-0.001
48353000,nan,nan,nan,-0.004208176,0.0,nan,nan,nan,0.0,0.0,100.0,0.0,0.0,0.0,-0.0,-0.0,-0.001
48444000,nan,nan,nan,-0.0041953265,0.0,nan,nan,nan,0.0,0.0,100.0,0.0,0.0,0.0,-0.0,-0.0,-0.001
48554000,nan,nan,nan,-0.004181724,0.0,nan,nan,nan,0.0,0.0,100.0,0.0,0.0,0.0,-0.0,-0.0,-0.001
48648000,nan,nan,nan,-0.0041648457,0.0,nan,nan,nan,0.0,0.0,100.0,0.0,0.0,0.0,-0.0,-0.0,-0.001
48750000,nan,nan,nan,-0.0041395607,0.0,nan,nan,nan,0.0,0.0,100.0,0.0,0.0,0.0,-0.0,-0.0,-0.001
48842000,nan,nan,nan,-0.004112996,0.0,nan,nan,nan,0.0,0.0,100.0,0.0,0.0,0.0,-0.0,-0.0,-0.001
48942000,nan,nan,nan,-0.0040810606,0.0,nan,nan,nan,0.0,0.0,100.0,0.0,0.0,0.0,-0.0,-0.0,-0.001
49042000,nan,nan,nan,-0.0040491787,0.0,nan,nan,nan,0.0,0.0,100.0,0.0,0.0,0.0,-0.0,-0.0,-0.001
49144000,nan,nan,nan,-0.004015841,0.0,nan,nan,nan,0.0,0.0,100.0,0.0,0.0,0.0,-0.0,-0.0,-0.001
49248000,nan,nan,nan,-0.0039836634,0.0,nan,nan,nan,0.0,0.0,100.0,0.0,0.0,0.0,-0.0,-0.0,-0.001
49341000,nan,nan,nan,-0.0039560976,0.0,nan,nan,nan,0.0,0.0,100.0,0.0,0.0,0.0,-0.0,-0.0,-0.001
49442000,nan,nan,nan,-0.003934019,0.0,nan,nan,nan,0.0,0.0,100.0,0.0,0.0,0.0,-0.0,-0.0,-0.001
49553000,nan,nan,nan,-0.0039144433,0.0,nan,nan,nan,0.0,0.0,100.0,0.0,0.0,0.0,-0.0,-0.0,-0.001
49645000,nan,nan,nan,-0.0038987072,0.0,nan,nan,nan,0.0,0.0,100.0,0.0,0.0,0.0,-0.0,-0.0,-0.001
49754000,nan,nan,nan,-0.0038761168,0.0,nan,nan,nan,0.0,0.0,100.0,0.0,0.0,0.0,-0.0,-0.0,-0.001
49853000,nan,nan,nan,-0.0038520626,0.0,nan,nan,nan,0.0,0.0,100.0,0.0,0.0,0.0,-0.0,-0.0,-0.001
49948000,nan,nan,nan,-0.0038303721,0.0,nan,nan,nan,0.0,0.0,100.0,0.0,0.0,0.0,-0.0,-0.0,-0.001
50046000,nan,nan,nan,-0.0038070984,0.0,nan,nan,nan,0.0,0.0,100.0,0.0,0.0,0.0,-0.0,-0.0,-0.001
50145000,nan,nan,nan,-0.0037904142,0.0,nan,nan,nan,0.0,0.0,100.0,0.0,0.0,0.0,-0.0,-0.0,-0.001
50256000,nan,nan,nan,-0.0037743074,0.0,nan,nan,nan,0.0,0.0,100.0,0.0,0.0,0.0,-0.0,-0.0,-0.001
50349000,nan,nan,nan,-0.003761038,0.0,nan,nan,nan,0.0,0.0,100.0,0.0,0.0,0.0,-0.0,-0.0,-0.001
50444000,nan,nan,nan,-0.0037437244,0.0,nan,nan,nan,0.0,0.0,100.0,0.0,0.0,0.0,-0.0,-0.0,-0.001
50554000,nan,nan,nan,-0.00372001,0.0,nan,nan,nan,0.0,0.0,100.0,0.0,0.0,0.0,-0.0,-0.0,-0.001
50645000,nan,nan,nan,-0.0036973117,0.0,nan,nan,nan,0.0,0.0,100.0,0.0,0.0,0.0,-0.0,-0.0,-0.001
50750000,nan,nan,nan,-0.0036708706,0.0,nan,nan,nan,0.0,0.0,100.0,0.0,0.0,0.0,-0.0,-0.0,-0.001
50845000,nan,nan,nan,-0.0036449416,0.0,nan,nan,nan,0.0,0.0,100.0,0.0,0.0,0.0,-0.0,-0.0,-0.001
50945000,nan,nan,nan,-0.0036154273,0.0,nan,nan,nan,0.0,0.0,100.0,0.0,0.0,0.0,-0.0,-0.0,-0.001
